6929
4764
1178
7809
7969
4602
8194
6073
1057
9247
4827
7403
4385
3297
3744
9063
3500
8919
899
4308
5630
6562
7814
809
1194
563
6782
4652
6393
1223
7426
6571
8587
172
6364
248
4666
6136
6394
2367
510
5412
4653
1397
6771
1945
9685
6690
7424
9004
9376
9863
8689
6416
9059
6924
5775
5685
5988
4187
5325
8661
7892
2321
9357
8366
4701
5882
6698
784
2653
4018
292
9903
1251
3827
4293
2364
8140
6717
8742
2430
8563
7478
1721
8505
2705
2632
3523
5564
3843
428
5238
88
8183
9492
3626
7886
8158
9433
3037
3637
5867
7470
1605
1681
5958
2341
6991
6210
1273
7158
5985
6099
2951
2738
8460
2241
7680
1045
9763
3066
2967
4885
127
6763
7589
3615
7501
4071
8735
2048
4219
5790
1239
2656
4830
8112
7862
1180
6643
1790
8629
9736
3958
4169
1815
3956
3251
6040
8263
3573
8766
8226
6906
114
1827
2763
2808
1496
4392
9071
9825
4907
364
8942
2294
4893
3517
5491
6839
1314
6973
5269
7906
7819
2560
8337
307
9792
5660
1352
7638
5712
3665
7751
2975
470
5010
9769
3370
5471
7335
5216
7115
2690
3636
6666
8664
184
6322
626
9205
2461
8862
9097
8719
2858
7992
6070
1880
9677
6549
2156
7825
2380
3014
2978
4511
8489
9246
264
7398
5170
9580
2160
9641
4811
4373
9085
3175
9173
3276
7257
2729
6371
9285
9938
2406
9923
7079
5393
607
5567
5877
5414
131
2055
5607
1345
314
8522
1090
8133
3133
6153
5723
5218
9808
1230
2168
7504
2601
4749
1229
4904
6473
9884
7286
4603
1481
5914
4114
6948
7736
8983
7808
1203
2458
3931
6505
919
2439
1589
5695
5629
9865
971
1628
8486
929
7154
811
1322
6618
6239
8130
8880
2107
3834
3530
1048
1883
5937
9583
4125
7202
8458
1604
5569
871
6176
1793
3492
3472
3878
1811
1946
7323
2033
687
2074
6859
2589
7741
7328
4902
5435
3300
2559
9673
7653
9796
1034
8725
8538
9172
4890
4390
892
8585
3019
3421
2460
5263
9244
9094
2441
1198
8462
4729
5156
2480
9436
7979
6018
2144
6279
6284
8037
8757
9349
3250
4832
8561
2503
6095
2331
2141
8035
9569
4823
1347
8450
7867
3640
4980
1991
5798
6522
4406
8625
5052
3835
3351
8014
881
5744
8695
1044
6460
7376
5396
6639
9483
8445
4909
3545
8019
4054
6789
9508
9540
5697
2919
5948
4809
9700
3015
8034
9485
9079
3292
4168
6482
154
101
7621
8027
9309
9160
7089
4952
3853
8477
1077
1469
5559
4285
1133
8955
5969
1997
3816
9535
4710
2834
6748
2324
6670
3730
2481
3700
5219
5428
8678
1236
4539
4989
8459
4131
4465
4881
1763
7508
3355
2077
4101
7327
4386
1626
9949
6446
7535
1518
1487
2650
7618
6257
8593
10000
3984
6166
4785
8480
2735
3534
1590
4115
6487
9226
1768
5986
8241
6801
1504
5484
120
149
2258
6617
2725
3913
5599
3691
5808
8640
6842
4379
9843
3442
420
6966
9388
2806
742
5427
2349
7275
2375
2525
7056
9992
4730
1579
9130
1719
5368
4133
3122
3972
3146
42
3580
1840
1160
7156
8843
5375
5728
4683
106
3969
5067
2979
7752
3858
729
9727
3206
9
168
1075
414
99
590
6933
4814
9513
2920
2617
1685
4957
5188
6076
6342
7511
1391
6677
4854
305
6387
7933
7613
1348
2249
6154
8089
2893
7445
7633
299
2815
5565
6313
7304
6204
7498
6370
4322
4244
195
4402
625
7754
4619
3852
2069
2724
8232
5648
429
1184
6285
4159
3970
1166
3182
2799
8712
4645
923
2325
7279
2900
3165
4241
4963
6809
7105
8715
2596
8221
4773
3939
4933
6624
8837
4686
8773
3140
4035
6585
7835
3527
7582
4818
228
935
8417
7650
8136
3142
5924
7861
1786
8577
3780
3092
7883
6814
1109
7519
9691
6271
6310
4569
104
7620
6205
7599
3760
7744
8385
2749
9152
2186
2572
4694
5883
988
6997
7687
2199
5557
5793
2610
6289
5344
20
758
5903
7186
3683
6848
3611
3795
6945
5571
7046
4238
4367
3495
7771
2932
43
2850
9637
6868
779
5933
2243
5605
4416
3647
9807
9725
482
3358
7444
7162
6263
6894
1367
1272
2346
9008
5514
3959
9290
6696
7146
7876
819
3208
6027
3895
2334
1429
3213
9898
1012
5151
608
9072
6739
6911
2255
6359
4060
2901
9234
7009
5819
9472
1512
4342
6550
9555
9542
7787
7331
6499
8312
45
9798
9709
5282
9809
4354
9802
3333
848
5846
9811
9545
3743
3264
3177
1826
9317
6360
979
7929
8086
6988
4208
6471
6424
1321
6374
7351
5803
2571
8667
2002
4965
2922
7619
9473
5736
6651
2390
9078
7390
5835
934
7573
4033
103
1375
5470
6628
7908
7841
130
2668
9999
7377
7926
2098
6987
8726
4448
3083
3513
4099
1620
7780
7049
2482
6501
498
7494
9003
8553
1807
8666
6405
3544
770
5
3811
6412
6069
2357
6014
8591
5735
9706
8676
6119
1488
8810
3752
21
3127
9803
50
4181
4790
7209
2164
8166
4079
5249
1356
4175
9326
3947
1333
9850
9916
3904
7534
1904
7549
6486
404
9844
7955
2495
2382
5998
559
5477
8868
1848
9308
1871
4395
12
8548
4205
5254
2345
8382
6114
1573
1288
6695
6600
4924
7676
4896
3572
6594
9358
445
2171
6554
8389
8959
9631
1969
2426
2159
6616
5324
7211
2377
8885
219
8643
4344
8227
6970
1679
7294
4144
526
8235
3185
610
1342
7118
6144
5858
5779
515
7864
1977
296
8143
3029
7552
3144
2328
256
2490
5815
3670
4567
1808
1800
9451
5669
3171
8821
7846
605
5588
129
2998
719
3155
646
9481
8675
4276
1842
6840
4524
5211
3729
6375
5029
3884
7151
2245
9368
2546
301
9600
5127
5860
2968
396
6430
7856
767
3468
3455
1480
6007
29
6193
8318
8016
5210
121
3709
8290
4855
2358
5142
7199
4631
2677
6590
9586
8985
6208
4704
3433
4966
1393
3324
1833
4748
2012
8482
2722
1134
4009
5918
8380
6512
6607
5611
5753
3430
5813
9288
6892
9602
2873
3065
8845
8846
9626
1127
4883
8247
571
5481
7176
4243
4269
8924
6918
2953
4113
1636
5829
9227
5506
2014
1540
4677
3946
8528
7480
7526
5698
4861
2566
5191
9354
28
4153
8620
6053
5576
5423
5431
7671
5410
5034
6584
2556
7034
4777
7360
3397
2557
7238
6333
1668
6232
4986
7598
273
1232
6728
8887
4061
2172
2273
3962
4117
8411
5683
7288
1713
889
7167
6304
1467
5153
2869
5363
6127
1599
705
4925
8952
2631
2575
3411
3103
3993
6736
9667
9783
3212
2493
4888
1455
6795
2687
9915
933
3887
1920
9250
759
5217
8931
3451
1648
4437
243
8905
3863
4012
8801
8338
6212
8246
398
5320
8747
6916
3443
4273
5852
5201
5283
7625
2788
1617
4837
4858
4303
5016
9012
6663
9944
5512
763
4582
5902
354
9766
1828
8564
5037
1296
8805
2192
1663
8488
9676
8101
980
7942
9188
3317
2304
616
2404
9190
2320
8865
6483
2078
6968
4051
7945
696
1053
2607
3955
8536
7516
3560
3167
5768
3339
8494
5070
5711
4574
8203
6850
2717
9591
8490
2397
1183
6318
7558
4142
4474
762
985
235
9450
3116
146
207
9782
3417
9131
2646
215
6912
4265
449
1285
2928
9998
6660
3470
994
2063
1976
8898
3054
7939
9608
853
4643
3521
6121
8259
1896
7777
2474
9458
5780
8701
4062
8586
2045
2906
8823
3491
2746
3679
5134
5596
4578
6078
647
5531
795
675
3374
7882
5496
1854
4272
6433
9714
285
3265
2723
711
6145
9567
4894
791
2506
9965
8119
1908
8693
1248
9328
9624
2908
9986
7556
5708
4815
679
5425
8311
7686
6061
7212
2232
7729
9970
5281
652
7047
2205
2586
1259
6627
2651
362
1522
2042
7946
8400
7266
433
7893
8713
6925
5476
2315
2497
4463
1305
1700
8649
3200
7432
2682
7317
8521
5920
2842
9829
406
4156
9409
8156
8602
5722
3566
7797
7185
4660
9947
3137
9553
2859
3308
7563
9835
3770
7343
2591
9617
8795
9958
4102
8906
6764
8621
1207
3718
6429
7931
5461
8081
1851
7256
920
2854
831
5760
2206
1404
6606
4566
7399
9543
5901
9732
8948
1417
3064
6046
5789
7000
1519
3419
2518
1114
5382
8723
9873
6847
6372
9862
2297
3965
7964
8998
2240
1514
174
582
9064
4297
7917
1751
9390
5619
4065
5042
2802
6030
2681
1235
2732
2564
9460
9689
3075
8050
4078
6110
1418
1583
3084
9894
3285
1136
7902
7368
3266
9745
8388
6553
2528
5968
3989
7694
5733
686
2933
8286
4218
7191
5717
3960
672
9921
4085
3253
9848
9697
3644
3289
776
5287
3383
9668
6107
7943
8645
1556
2062
627
4439
4031
2437
912
7100
8539
6188
9476
1172
5812
4095
5516
7379
7081
1917
1651
4850
518
6983
8049
2326
227
3031
861
916
3935
9475
4703
1781
6567
8582
2529
3685
8159
1266
1267
7038
9718
4940
8888
7301
666
3123
3237
2348
7354
9430
7375
7914
4792
9023
7093
3716
4821
1250
6008
2887
7837
2402
5979
9266
3701
6151
1014
5739
7023
1717
6867
5205
125
854
5982
7602
9448
1644
1257
8127
8117
8399
9633
9565
9818
5279
9491
6369
2464
5810
4410
439
9557
9480
6845
5657
3753
7104
8831
3839
3621
850
7707
360
7499
7033
5243
6245
460
4974
7775
1058
8178
7925
7948
9335
6778
2268
2113
7847
6972
9137
3614
1249
3578
6098
1541
3978
8107
8842
7938
2218
9197
7299
1750
1226
5540
7766
2611
5462
643
978
7980
6133
5053
6282
4043
5990
6951
5301
468
8442
7827
6413
2275
1026
6314
9589
2498
2976
2176
2054
8440
6331
4294
1671
6051
2127
9726
2254
5861
4668
8430
2916
2739
2785
4807
8910
535
3331
5943
1316
8093
3440
2915
8866
7290
9119
4702
5018
3924
8165
3631
9200
3271
2225
5650
9716
633
5063
9118
4158
723
5549
5264
2868
6361
15
2167
8396
1146
8231
4166
1501
52
3762
8646
8923
9419
3949
8909
3258
4161
3632
9819
5546
9031
5750
5116
142
3135
4931
9083
8434
5032
1268
4420
8113
3669
3522
6680
6221
6944
4948
2786
820
9684
1080
2435
4056
2491
425
3784
9117
2413
4428
1105
9750
599
3767
7298
9820
2154
7715
2270
8068
3918
7617
4346
7813
8138
2438
265
9932
7774
2079
9552
6496
3581
9957
6004
3912
8895
6402
1531
6379
6773
7706
5005
141
603
9211
5479
6190
4233
4757
5826
7592
6492
4852
4789
3197
2223
7725
9267
7791
8128
7873
4152
6650
2888
4833
9623
1143
8295
435
1803
2174
8244
635
1280
2958
3549
726
3115
9879
5771
9753
4871
4331
1158
302
2166
5200
2039
954
9199
9302
9043
4103
2053
7838
1212
1363
2383
9273
5314
4137
7474
4306
1614
4313
8446
397
6920
9849
4714
2584
7577
442
8980
1343
822
8036
3862
7616
1818
5203
6755
2616
4657
6128
3710
7538
5288
5688
4715
8053
2627
4536
2700
5603
4759
7912
5454
8284
4382
8498
7346
8940
7971
1163
6108
213
1485
7063
194
5449
1214
2372
7101
1227
5406
5497
4458
4123
7724
4615
2773
7435
2193
373
3678
9378
4787
1032
76
1120
7436
3020
7319
7849
4897
3445
7001
2260
9477
2670
159
8116
5670
1104
6259
909
5681
595
8008
1680
4778
747
8986
3789
7778
6541
1353
5442
5671
5280
9982
3781
2416
5270
2130
9655
3920
6417
1394
8506
6994
1354
8611
6964
8076
6131
1024
8964
4164
865
8151
5057
3354
8922
5719
8184
2621
5640
7160
1868
4049
8800
2880
8659
3997
93
9176
7223
2489
7231
538
6168
7150
6052
4712
2338
887
7607
9570
7757
8684
5163
9669
2648
4432
2076
835
8893
378
3755
2643
8320
4776
3696
3190
5060
1738
5785
376
9596
1468
1193
4145
2336
7719
8963
3169
2715
3178
8195
539
313
9993
2306
7393
5207
5853
1796
9087
6009
24
7408
8744
4335
3218
5583
7129
3439
969
5098
5166
8071
8261
4981
6509
2169
2943
462
5675
2987
5864
3091
9797
9644
641
665
2018
2295
5862
589
347
8618
7107
5468
9304
9897
3224
5539
7
5947
8558
9001
1606
3538
5489
6038
3703
63
7921
6710
3519
2569
9973
9896
2431
1063
7493
3201
4492
3012
2137
4287
5678
6658
9425
6815
6343
7422
438
2151
5444
9979
5013
693
1433
537
2148
474
1237
3953
3552
2356
9595
1877
550
6440
4226
8568
7214
1911
5562
702
4447
385
9454
9090
1744
5911
9033
8526
794
7036
1360
1909
1791
9741
4236
968
4575
7626
5224
712
4421
1656
2895
6788
1507
6507
752
8857
7460
870
486
9875
8262
4339
2228
3401
3466
8965
4535
1154
7283
4791
309
1365
337
7287
3457
9268
714
1855
4021
4319
2215
9859
9449
8331
2106
9876
2925
5541
6784
5566
5271
5869
6064
5162
3722
7595
4052
886
2368
9313
1332
9432
8727
6539
8438
5144
2791
1510
7659
7708
3951
9871
3724
8542
8546
5692
8853
7745
8734
2425
2619
2250
8348
4119
2526
304
7826
8090
3077
5236
3363
6798
4913
8314
9231
2946
4944
4504
5758
2563
5716
6323
5973
3048
2539
6537
9341
6635
2007
830
3244
773
1756
6738
872
1341
9123
7341
3689
5196
7903
2342
3268
344
5791
8096
6443
7468
5475
1049
9548
7091
5374
1271
6189
3469
3153
2366
7555
2737
3808
1100
7108
4301
6049
991
5120
7272
5292
7690
6595
4211
6574
1405
6332
5164
901
766
3198
9189
1834
6631
2595
1726
2636
8859
9908
7695
3649
1773
8160
804
7932
7670
601
84
4831
1741
3739
9300
6481
151
5155
8056
8656
4036
7206
7018
8606
1315
1304
8390
6389
4680
2728
4634
8449
5290
3382
4405
8792
7157
8179
7711
1528
1865
4329
8612
6873
9498
1416
6494
81
4506
7235
7127
6967
5274
6908
962
9414
5930
6015
502
5369
7588
3782
5295
65
8775
9032
6544
6432
6655
7090
3341
5117
7149
3301
8020
4863
427
717
860
9025
9663
9598
5071
8509
6746
9793
5525
4020
2515
1438
4664
3366
7952
6701
4003
1370
2846
490
4151
8466
516
5033
1116
1586
356
6156
7667
8665
8777
8977
3776
1254
2524
5342
9467
7066
600
2997
3125
6419
4019
1396
9297
9398
9002
8409
4988
3750
7213
1978
107
6264
8574
4230
9370
8614
1253
9462
6880
9122
1035
8808
7894
2886
1374
4515
4221
7989
3623
8044
3742
2339
7373
3412
287
9253
9280
4919
2429
5178
8370
2769
7458
6378
3881
556
2803
5981
5570
5880
1517
5879
8834
8075
5183
5168
8729
389
9245
6423
2068
6511
3222
7905
1437
3728
6213
2870
5159
4138
300
417
650
5578
2634
2688
4955
7178
9178
4663
9929
532
1658
4542
2210
8323
409
632
4782
6280
7181
8604
8173
3415
3599
3352
5069
11
3903
781
4295
5693
2352
8608
1687
3203
6953
9510
9664
5317
3406
8215
7404
3645
2513
8253
5837
1634
1123
4527
9217
908
9733
9334
517
6384
8134
8653
7529
9577
19
2713
9694
1947
7718
4200
9128
7997
5865
4879
5899
4709
9144
395
8957
5871
7490
8182
5022
4742
6214
5726
4353
2576
3186
8126
995
485
6312
743
7870
6418
8308
8917
617
4836
851
2864
8275
4721
8057
5350
3535
7416
4737
2639
6768
3651
3671
9404
6094
504
519
4191
8854
7447
993
234
507
4808
7649
4369
1364
8936
8289
8427
1820
7699
1262
8170
1846
9840
5720
3112
1524
1015
3690
7603
5964
8514
6729
6910
2281
673
1723
2105
864
4564
1210
5913
9584
6288
2549
3298
7600
9760
9369
9084
5589
8478
2904
7860
5748
4611
4255
7143
1051
4760
1608
2073
9890
6591
2707
6720
5822
247
9645
4849
7198
9293
5104
6582
200
6255
4719
4229
7369
4083
8828
8005
3316
2719
3846
9413
4457
695
5384
4081
1766
3561
9885
5614
9730
315
3775
4027
7070
2622
8407
1853
7700
1089
2977
9277
7394
3983
7309
98
7995
7145
8595
4641
5124
4892
553
494
8483
5031
2743
5946
7836
6990
7008
3390
2989
8017
1399
7396
3481
379
9887
7644
4961
375
6017
2219
4921
4459
3226
1474
5273
2624
1301
5172
8605
7029
3400
6887
3890
1103
8185
7204
4461
1545
2833
9018
365
8280
4580
1046
8825
2626
6726
9486
5421
8222
9407
8213
2047
1988
3650
8147
6055
1562
6977
6816
9558
9652
3179
4727
6438
6596
2999
7550
7960
5910
118
6160
2911
2103
3151
5398
4100
2407
8265
2442
4475
2468
9728
4770
1922
9281
4381
1297
7612
6659
6206
1661
2122
7542
5123
1225
182
7277
2603
5376
4917
584
9889
2781
8177
9021
1292
4947
9870
4517
4146
6192
7371
9813
2551
4800
863
1564
6339
5036
2017
5622
6682
9294
8398
7879
2091
7684
8751
585
9074
1832
5529
8941
1924
9740
2692
5341
7541
586
8350
1176
2676
3413
5285
169
3666
6152
2947
9399
2597
9169
341
1430
8069
6382
6851
7357
6181
4399
1027
1950
3655
5773
8992
268
4299
6222
3202
1473
2540
4593
3267
2231
283
3100
2473
1568
8064
5805
4523
3785
7830
9041
1678
9987
4106
6226
3721
7043
9662
6893
4174
3420
1619
7010
9422
7226
1739
5397
3032
400
1982
1802
1912
5338
9527
9650
1864
5604
6491
775
1929
3540
5740
7267
288
2778
4675
5118
3761
6194
4057
1065
5940
4053
6254
2238
6875
5912
8551
9613
8770
4738
2980
295
1452
3583
5101
60
2942
5957
4370
6664
9900
4610
7949
8794
6383
7479
6794
1072
4560
8302
422
2022
5389
3036
700
3002
8316
5743
6056
913
7096
8979
3343
3658
3286
1699
9168
4039
7117
3431
9642
3494
1326
2450
4936
4522
5561
2486
8849
645
119
3021
7773
4543
7693
1771
2866
6191
5112
5465
4918
6668
4223
879
7249
6317
1059
6555
716
7330
3860
5276
2447
1378
7414
2642
1553
3803
3407
1431
1638
3357
3695
359
2784
5644
156
75
9920
555
1303
5659
9171
4927
3604
2283
620
7153
8946
5081
1989
1765
7132
5485
7877
1778
2810
1491
8052
3847
4621
4992
900
4505
9228
1752
6085
5674
6898
5699
989
9671
6525
2087
7790
2812
9070
8993
9126
112
1995
7794
789
8309
7355
7280
3332
3901
4962
5680
6640
8353
1390
658
7604
9743
326
137
5148
8099
4799
3676
6552
5310
2629
1691
5385
3325
1062
3505
9701
4851
1410
7557
2057
894
6589
6319
7230
6674
7240
9292
2246
1495
9350
1421
7896
2984
2101
320
9841
202
7084
383
3510
5762
2061
5122
575
8814
4135
6435
204
9240
138
346
1698
3828
4514
4192
1837
9762
8391
9470
6186
5811
9339
9013
3275
8731
7855
955
750
802
2013
5676
3597
6338
6516
8748
3652
1693
9826
3559
1653
2459
6042
3350
3613
8416
5767
1672
6528
9254
4479
2405
2379
5480
1548
2606
8310
7824
2991
501
8492
1054
5994
5704
1018
3436
2517
7735
4803
914
6881
9790
8929
4984
5929
2031
8135
386
3558
986
161
7348
760
2418
5987
5453
374
8046
3217
3598
9183
4945
9080
134
7915
3216
6620
8157
6818
6504
9719
3485
5212
1689
6022
5613
7336
8233
6769
3236
7431
4237
1878
799
3398
8717
6641
7276
5167
2917
185
3748
5157
8916
2145
2736
381
6139
8114
5361
2573
1000
4743
6863
4197
7074
3593
4588
2370
8364
7225
3221
7665
6388
9453
488
8933
5378
3624
5315
5836
1622
1836
1030
1860
5833
2488
8572
3432
444
3692
2100
1329
7006
8807
4212
6089
7003
7456
5082
5407
1196
9734
3106
4375
4371
5646
7222
8186
3917
8137
5209
9446
7578
2926
7461
2411
4929
9995
1794
9403
9338
1999
1151
674
8619
9666
1566
9248
1010
1558
1168
8
4528
466
2026
1197
8429
7307
1734
7523
3479
4217
2394
7530
5097
5983
8683
319
950
9934
6857
4941
7189
3399
7165
1841
1873
3322
701
876
9794
1623
4845
4326
4090
3957
9223
2894
792
4092
5002
6165
8192
3496
8788
7532
2721
4798
8762
454
2142
39
2115
7032
7584
3168
5000
9321
1927
2783
4772
9206
694
5794
2184
8544
8095
6515
1537
7881
8856
1188
7748
1527
6236
8218
875
1211
2401
3475
4341
797
7308
6662
6336
5339
6385
2712
9237
2637
1117
6157
3030
1814
440
998
3612
6299
3610
1521
514
7750
3981
3028
7274
7936
8949
9387
85
2265
9438
9016
4498
7482
7957
2816
3737
6854
4555
7705
6749
2696
9515
6449
2058
257
8152
1294
9502
8063
1935
4030
9296
9058
5961
2102
3055
4926
4167
9239
1355
6207
6367
7044
5228
2467
4292
713
9579
2065
2423
1478
8181
1809
5113
8702
6934
7452
7652
22
3279
3458
2562
443
7756
3056
8610
3372
3009
7963
703
3330
847
133
4689
9208
6125
7994
8756
7762
2766
5989
1776
1682
9185
3707
5354
9464
2293
4122
1565
6287
7078
5585
5706
5377
4262
5658
3196
1760
3067
3758
2392
6843
3434
9490
3882
4154
7709
3809
1159
5252
9054
8892
6940
3114
9391
9861
9102
657
1770
1179
3248
7058
4141
9420
6841
2751
8065
7130
6347
8242
3454
2422
1647
6118
1064
5520
4058
5890
921
393
2433
3818
217
3287
1108
2440
3837
7194
4932
2051
8960
5894
1428
6335
3813
9474
7720
3057
8673
7514
1677
4699
8871
4964
6301
1984
5897
1311
5898
5073
8677
4585
6819
6268
8517
1189
3232
4075
6838
1789
7201
2851
7985
252
8899
3856
8753
5040
4746
6084
2836
7459
1130
4425
8431
7590
7674
3874
7337
2761
7714
13
5850
4676
3880
849
3557
7554
6547
5715
2684
4393
7423
5106
6096
7048
8058
5652
6011
9259
8421
4411
4252
957
1484
1737
855
9283
7382
2789
1866
8746
6097
9489
7817
4361
7166
1829
7975
3600
3315
8615
4774
1493
7072
9428
5309
4568
8912
1704
6293
8360
3450
3305
6324
6113
4958
3543
1415
5764
816
5138
3778
9806
9497
6147
9909
9997
708
2378
6434
3394
9062
8012
1402
5472
1536
5433
8660
3980
7245
8470
7622
3745
778
8911
2663
6852
5932
336
1684
3682
8060
6248
4781
5505
1079
8623
4239
7363
6954
3148
6586
7743
6256
4626
5331
5456
5498
7334
5952
8557
3337
7454
4438
2796
2004
2085
7374
5179
4343
1708
4435
1175
4624
7581
3023
358
8033
218
3280
3772
2580
2985
8995
3929
8778
3533
2801
6479
910
2363
2110
9412
5184
5977
8358
9324
8674
5518
9052
684
7698
6091
9132
7359
7636
1890
7854
323
3181
7993
7537
2905
450
4979
3704
2800
1925
9722
1264
1499
193
8654
5302
8432
566
3154
348
5322
6158
2937
4706
2251
191
5637
5729
2119
6603
2534
4853
116
5724
6143
3814
5527
3336
936
1831
136
9332
2552
3686
5439
1592
4296
9774
473
1408
5725
1567
7463
95
558
189
6077
826
3569
9136
4604
7816
8944
6930
8469
3189
9163
9104
1031
9720
8281
567
6047
9945
7722
9518
2941
9022
3233
3441
8975
17
2805
4870
1087
6329
3831
2537
3192
3131
9779
419
1958
1637
606
8078
9627
3173
9612
8048
8939
4332
1470
8697
2132
4063
8223
4394
3675
1973
1505
3086
2960
4708
973
6926
7234
574
8224
2827
9919
8032
4024
353
8234
8278
4207
1019
7844
1666
1872
997
2971
9943
1056
1938
1859
6229
7863
1720
459
7260
1676
9271
8951
4047
4014
9336
604
5632
5145
2126
3601
1260
9431
4130
9524
4204
9547
3418
9895
3016
3044
9233
2096
8154
2665
1317
5059
2070
841
1764
8260
2853
7520
6580
7815
7428
6642
6278
7890
5359
1895
4419
7941
8054
946
5761
2912
4304
2807
9367
3848
9229
6368
7793
7500
5830
4502
286
7760
8915
7207
405
4513
6478
9801
9381
8966
8202
5490
6757
3919
733
3568
2499
1128
4537
9192
3547
8783
6834
1028
4155
4673
7738
9261
6493
5345
4797
8767
8045
3378
7701
8404
237
8439
8255
7321
5388
7570
3864
2582
2780
1319
9286
6050
3452
4810
1472
5467
4396
9972
1701
6791
8454
7803
3554
1217
8491
4990
8501
5206
9831
9133
7296
7898
9789
3172
469
7237
734
5401
9672
1139
5020
3542
6235
7737
7594
7265
8711
2708
5232
9096
9711
737
6557
3476
7420
4608
6148
5976
8739
7476
3562
8630
7974
2291
6579
9517
32
6363
5582
1436
8479
6330
4655
570
5996
3456
5634
5424
8886
1889
7858
3329
9081
2674
9616
6902
8803
5267
3694
1746
6067
77
9295
66
8437
3902
1167
9249
6807
1707
5110
5075
6919
9893
1554
3277
6813
1361
699
581
7031
4305
6228
2361
7243
967
3005
1453
8641
2923
1584
5383
6081
2981
5844
2775
6348
2658
1754
2226
7224
4625
3347
6900
4562
8230
8352
4320
8907
1983
4510
9707
1441
463
2703
5208
2001
1287
6137
8967
3819
1050
1722
2828
8087
9427
5284
1447
7305
6032
9143
9212
6277
3053
8827
3395
5227
27
9869
8647
1665
1406
317
3741
8201
3968
7022
1224
9960
7796
7792
926
3313
6901
7785
4618
4868
3321
1858
543
6036
3483
6350
9698
1578
1914
1845
1728
3346
3602
4136
8283
4496
9757
198
5718
7183
9256
8123
7673
6781
8617
1821
9426
3996
5251
2280
7421
930
4184
7658
6559
9179
464
1902
56
1081
5572
7193
5418
6734
7113
6327
8961
2009
7950
3769
1915
1615
1534
8098
1600
6216
7220
5403
5765
3525
6269
8947
9344
9814
2457
961
2203
7524
5154
1142
3870
8018
1295
4258
7689
2399
8266
2795
5017
540
4446
9220
4005
3914
5809
1078
8519
2410
7095
179
8187
9075
8379
1875
1696
158
4028
4547
4080
4623
4667
2025
6295
8169
6377
276
6037
4695
9768
9469
7922
2279
4598
5050
8657
6448
4501
5543
4669
4216
402
3247
5235
7270
5710
1459
2264
688
9710
3498
1419
9196
8145
2152
591
2485
964
8011
4452
9319
5045
7446
3937
2638
3373
1144
1145
568
7123
5195
3391
2798
6989
4571
5786
7681
1497
9331
8306
8207
9342
1456
4590
1228
1706
8721
7082
1486
8168
6444
8335
3076
6914
5612
640
2204
3719
3034
3038
7928
6243
2504
6211
7779
9401
7624
6712
8638
947
7402
9069
8535
3511
8844
7119
4939
9468
6392
2710
6545
9406
9148
1981
6909
6454
8990
5089
691
9759
8838
2623
3096
3018
3588
9051
7315
6971
7776
6897
6230
4157
862
597
7648
9047
4670
9729
6946
4866
3894
3865
4544
7241
8878
3927
8991
6587
4491
7956
761
8982
680
2161
7098
8589
1218
1650
4109
655
3608
5624
3230
4548
6765
8851
6123
3982
277
1932
4922
4762
8042
1377
8009
7246
5303
8785
2434
9764
4739
5437
2771
4783
3630
4257
6621
4648
6233
7411
5214
5257
786
4041
8100
6960
6274
8040
5493
7462
2253
5626
9007
7991
7739
7623
4481
3734
9588
4693
5240
3805
186
3563
4617
2477
3006
7764
2128
858
5143
1097
7614
541
162
2877
9832
5362
7642
4698
9372
4362
7575
3448
7823
3068
1718
7907
5672
190
4423
3364
208
565
3625
6862
2300
663
8996
30
6326
8419
4557
7329
1660
2910
1618
6543
8932
5705
9182
4288
371
9067
5026
8354
7425
3771
6675
5265
1835
7128
4744
4172
5649
6117
9038
7647
7005
7961
2360
618
8453
9360
8836
8197
8502
3974
8210
1847
3622
3592
5332
8333
4494
7430
1445
6727
2633
7895
503
8786
785
9105
1775
2086
8497
8139
2865
9531
8384
5244
2478
622
5508
96
3215
9833
793
6468
1147
8549
3506
1761
2330
9703
2628
5355
1263
7924
1625
6775
2510
8833
5197
7210
89
3423
6013
9310
9030
1245
3027
7551
6023
4333
1379
2545
2298
1293
6306
9799
3482
100
6923
6296
1043
5447
807
6723
3039
6270
2224
2794
917
4747
3465
6578
1284
2757
6467
3787
3403
6054
4165
5713
2612
6888
1400
4249
755
6793
335
2124
8212
1209
5799
9681
5125
2711
6634
3147
9866
4108
9834
40
9028
6352
9967
8622
8092
4838
3094
1177
6445
1201
3026
6564
1530
8761
1073
9116
2929
5547
199
144
1005
7733
9440
2133
7512
4644
8344
8349
3109
7380
2353
7135
9787
5459
4741
9752
3589
8476
4573
5253
46
5621
3050
9042
5792
7721
4148
6535
6753
9218
255
1003
33
2313
4711
805
8328
9785
2779
1513
7562
6949
7361
8710
167
5700
352
685
638
4330
1709
884
8271
8292
2814
290
5085
2019
1500
7030
8760
3509
7180
5686
2289
9382
4734
4685
4812
3575
1882
6647
1879
5618
1749
757
4649
2381
7419
2861
1299
9761
8556
9657
9158
837
2359
6927
2934
1157
9383
7679
4908
768
7533
2500
602
5463
9121
4839
1479
1576
6885
4600
2590
7218
2129
3553
2290
2604
5221
220
4443
1023
367
3587
8282
6524
9125
9343
7655
3585
7016
6684
7657
232
8599
1683
2216
1952
3072
2809
4934
7389
5430
2844
4213
4240
9837
588
6308
2867
5130
1913
1572
5524
7060
6709
6743
8208
4873
7338
4325
5464
4209
9035
9301
6116
6039
1346
2913
654
9170
834
2669
3906
2748
44
7682
4519
6785
3446
3680
5842
5821
6334
2841
4779
4143
838
7868
7916
1806
9503
3807
9511
8873
1729
4412
6747
3291
3726
7539
64
5158
5141
8029
5165
5730
3243
5051
2959
542
677
2285
3145
7871
5906
2235
6705
7765
6751
7339
3085
9964
2414
2395
8451
9514
1755
3101
9880
9191
8422
6521
8465
2740
4880
9550
8651
2092
3392
8206
331
2302
7134
8559
9307
7661
5526
2099
4291
8296
6219
1170
8082
7184
6568
1366
7580
6614
7799
9539
4591
7310
3876
9265
8424
334
6612
6455
9355
528
8355
5845
6082
3367
2319
7313
1574
5889
1432
3410
108
9990
1247
7515
3985
4478
3340
5012
392
3310
2679
245
6837
8401
8934
6497
8061
496
1921
5556
7080
788
7497
8858
4490
3832
4098
7437
9029
6155
6835
6865
4650
37
9361
623
1462
3849
9742
5939
1692
5840
5606
6422
4518
2083
5732
4387
9593
2496
783
8124
9164
7386
5653
8860
2286
1762
333
8415
966
8463
36
2391
840
6874
6138
6921
3736
246
2386
8806
3991
7692
7383
3121
3191
9242
1252
8527
2155
9209
866
1161
9603
5286
3656
1607
4128
7405
7564
9522
5408
8694
3045
9928
3607
1220
2502
2754
5667
4472
3424
4327
513
8189
3889
1716
8510
6609
6111
572
6177
2123
9635
8357
845
1725
2476
8200
147
817
3829
8059
7970
3905
9845
4008
370
5492
4967
8013
5021
975
4076
9902
2301
7981
3822
8091
4356
8607
3254
8570
6527
6826
3950
6428
2097
8305
6353
5825
4409
8994
8083
5187
7057
3759
6722
8771
856
6010
1313
6903
9578
8738
349
7409
3899
2095
1376
4483
2574
5999
7857
5415
9985
6718
2271
3833
7397
8603
5538
5783
7874
4260
7281
3194
1112
5079
3149
1204
3078
455
739
73
5185
2530
9767
4400
6962
1004
1916
6915
1095
2776
3634
9101
8682
6762
8285
1067
5061
4943
5077
6129
467
8191
9340
411
7314
4170
2568
9166
2024
7726
5563
5581
3013
8043
7163
4376
7887
1414
457
8798
9424
982
8616
5136
8782
5404
4995
6043
9017
3976
4551
6063
6164
9385
5241
1970
5625
915
355
7124
564
1686
6939
3892
3515
2585
5255
6253
5087
5351
1244
9056
340
9219
1525
8976
9110
9115
4732
6556
5306
8877
4476
9974
8784
6403
3502
6132
1439
4577
5814
6998
2992
6135
2269
6633
1401
5959
6716
5460
6558
8759
977
5450
7439
278
5590
8534
9055
2742
5099
7566
630
1312
1905
9210
8881
5530
1581
7362
6292
2720
6836
5473
205
5434
8799
5259
197
1107
5074
6159
6565
3404
6686
2112
7139
2543
7852
4982
9754
4380
9330
6869
9103
5949
6146
4953
2140
8787
3512
8371
1569
8196
7254
2453
7601
5655
4266
9614
1395
4312
8167
8962
1812
1621
4901
5953
895
7998
844
5926
4454
3715
4516
2282
5916
7169
3979
8636
8547
5509
4126
2347
1276
9674
5962
1231
4324
4281
5950
2443
902
2986
361
9000
7040
1190
9034
9504
3108
8560
5511
6832
5820
8084
6321
3810
3529
1434
801
5443
5387
552
4050
3792
7758
9089
9917
8474
155
3296
3396
3944
5980
6563
2043
8141
596
3425
6978
2109
9507
5008
9812
4586
2602
175
132
1282
6760
5521
6630
9821
5553
4433
153
8900
6821
2691
308
3501
2354
2512
2686
2420
6074
3643
3228
7583
2961
9009
9415
6754
9984
1869
6963
9640
2693
4723
4201
4267
4001
3891
6344
6721
8989
7035
8650
7888
7255
7672
2936
5356
78
9629
4374
6351
5960
3915
631
2089
3345
8326
2362
8264
8495
3687
508
9276
53
5574
8334
2829
2163
6503
1986
4183
505
329
4403
1884
6035
6711
9777
9333
4538
7759
2049
4581
1792
5399
8696
9255
6474
9298
2962
8741
1629
9201
7451
668
7866
7911
587
72
9922
3873
3429
918
5326
4259
2659
3883
7587
4692
9772
509
297
5609
9529
8365
1863
4127
9484
4105
1463
8679
551
9950
1016
2217
3235
5854
874
7631
5335
2266
16
7891
3311
3176
2899
3273
5305
2966
3595
5963
8097
5684
1381
1331
722
1690
5304
5941
7442
8447
1844
6866
4985
8598
3040
3697
3897
5226
8386
4179
263
1240
3584
4891
6742
925
3727
560
8826
7784
3948
6421
7842
3639
3738
10
4554
1017
3857
891
4613
8874
4717
4620
51
6028
86
5001
2536
6241
9530
6576
9352
7696
9568
1799
6180
6016
549
8481
4700
648
9781
3249
3259
2037
9784
7976
244
5881
3261
9842
5788
4352
3642
4928
7059
3453
6952
178
7897
6475
7804
1830
4427
3063
9397
8524
2505
506
9609
2697
9653
4843
4470
280
222
7042
1082
958
1156
5307
7853
8541
7691
8006
3158
8324
7418
5150
3657
6170
4397
8555
9738
4856
384
6395
2165
9735
3861
9045
1705
2396
5048
6896
3444
972
731
5006
372
9435
3842
3757
9379
9421
4349
3786
6000
9311
6261
1881
3471
2647
9948
4756
536
3606
1358
7345
2856
321
9100
1639
306
9124
1711
9680
4997
8832
9482
8300
9853
7574
5591
5193
8402
9437
8383
5139
5199
4059
9571
1960
1511
9365
9224
4824
808
9800
4206
1155
7531
6750
4140
1899
8894
6510
4282
1852
7544
4445
4637
9362
2211
2516
4628
5993
751
3302
1115
4971
7208
7611
5620
8475
3674
906
3095
4606
749
2948
8685
3661
7367
6262
5806
7302
659
7121
206
4413
3641
7899
2874
4251
7833
6583
2403
9748
815
2183
8869
2136
8341
5135
5367
2329
432
8249
2475
8913
4540
497
8211
9830
8374
1652
4910
47
6913
7215
4780
1795
4460
4828
5731
2950
6872
4118
1598
7669
5348
2393
4440
231
6234
1824
2756
9634
7885
2709
5392
5486
724
140
8516
9775
6469
3609
2308
1135
1526
983
5555
1336
3003
6714
7734
1008
1407
3836
5714
7683
9159
4867
8926
6103
2578
2
7325
8658
6217
1444
5616
4993
8550
7466
6380
7332
5558
9175
7488
6928
5083
7114
9566
4707
6209
6592
2698
6012
3022
4232
1289
7088
7136
3113
2455
1181
5617
6057
9439
7632
4795
3088
3111
1538
6237
7889
7930
4874
5501
7732
8104
2344
3051
7630
6199
7567
5537
1099
448
9791
1798
4771
5366
3708
9724
6622
7217
8597
5575
9457
9417
6529
3590
7109
4309
970
7944
1465
527
4450
2333
6182
2006
4935
8988
4801
7326
7947
5510
2200
9660
3943
5742
939
1357
2029
8425
4503
9692
2064
5419
8369
5673
8566
4563
9363
7851
9746
4182
6071
1520
7579
6931
5522
9883
1898
8790
2501
5971
5132
6693
9751
9315
6174
5831
8376
683
4017
7233
9712
5628
2714
9526
2988
7951
3766
9423
2902
2445
534
6725
6088
1670
5689
1037
7429
661
4688
145
2387
9129
6456
233
7850
5838
8367
5056
3256
8238
6225
7413
4672
6806
3654
2702
9394
9659
3143
4097
7610
2995
3851
8562
885
2335
4350
6090
6161
7161
7597
4532
7441
2994
3845
3765
2996
5072
8750
7012
6864
5291
8176
5568
4696
312
7190
4687
7800
1171
4951
9257
1985
6048
4203
3102
7067
7559
6406
5642
8592
4067
8515
7087
1594
3926
3437
9899
447
7262
1571
4348
1131
5277
9156
3052
4775
7282
9284
3349
520
5777
5795
4651
4372
8180
3488
332
2220
2896
928
5534
3380
7133
569
1246
9559
3105
275
5577
8958
576
2118
9815
4247
8394
2770
3463
5827
5230
8041
4817
4189
2196
7412
8085
4467
8115
4724
7487
3564
7110
9878
8728
1888
8740
728
418
5873
5816
5639
7391
339
5851
3490
6891
3990
9810
4763
3069
7385
5409
3104
1993
2777
6044
2470
5260
1575
4975
7664
483
1919
4826
4124
9442
3252
7505
3877
4493
4968
2259
5395
9556
8345
9981
3667
6758
6202
810
2774
2177
6495
9942
7268
5340
7333
6195
369
2872
7174
3393
434
9396
5766
91
9913
3338
1398
5647
8023
1350
6373
9911
8239
5446
6275
4149
2247
363
7019
7984
7704
7364
8022
1106
1742
8198
9252
8276
3732
877
8327
2918
5542
2855
790
5580
3921
7645
9187
9704
8467
6935
415
5358
829
7646
2837
7484
4231
984
7517
5781
6733
9186
1150
6899
6365
3497
7639
3531
8252
1817
911
8681
1529
2179
5600
6167
6870
4886
7450
9852
6787
937
4595
4726
3699
5250
5682
976
6772
833
5756
6024
3319
6409
157
4500
6404
7200
6041
4848
927
4911
5868
5109
9977
5405
3447
1712
697
3422
5107
4430
754
5847
8530
225
441
3225
1182
4605
3130
3139
5278
2538
8507
5551
8897
682
1633
9892
5100
7406
4956
9765
6437
3402
6366
628
1542
8580
3800
1325
8000
7489
5597
5111
4328
1191
5180
593
1994
2817
7572
7697
9739
7966
6258
6570
3164
9146
2213
522
4589
9027
3820
2594
4275
1076
4906
720
7182
4178
2952
7481
9282
4786
9687
3128
4633
2389
2256
8970
8776
9937
493
8567
2664
4674
2570
6905
8781
1006
3925
621
9154
4804
2016
4769
8079
5955
6397
4597
9443
5495
8007
403
4755
2860
7982
7197
8896
2044
5893
2661
7253
6858
1669
2208
9968
1200
3928
9046
9456
6381
878
9353
1071
1258
421
7344
6171
798
4767
611
3156
9402
3245
2299
1843
3720
5804
4681
7303
4112
343
4444
5772
6238
9373
5394
2081
3570
7094
7316
6976
6328
9107
1476
8533
8624
4300
1559
2840
6276
9065
4011
8529
2577
1277
1943
4110
6033
4171
5823
491
7261
7112
3868
8193
4193
4718
5146
34
9366
5797
5978
4091
5656
1286
6291
7772
2797
8455
1801
4662
8812
2494
8245
1009
4875
3507
4898
4583
250
9521
557
7002
271
480
9925
9976
2847
525
122
6959
9395
7477
5666
9471
7164
8485
9243
3263
1785
1261
7569
4357
3660
7011
3365
477
6958
5239
4355
223
6498
7242
5160
5579
5004
6346
2957
8363
981
4930
907
3706
1893
9912
1338
6240
2150
5049
8670
1122
192
5090
5275
9516
7640
495
6766
5872
1996
399
3428
388
4525
1
111
6783
9930
8359
9956
1153
3323
9594
3536
8414
1561
6300
8737
5003
1086
3166
9076
9886
9872
4484
7927
9679
6938
4070
8686
3183
8791
2699
6106
1199
1174
9587
9134
3798
6462
8293
4087
8945
1782
4999
7278
8452
6884
9620
8444
898
1703
9528
1298
9590
2317
1440
3518
8313
7937
7293
2484
6215
6001
9287
4647
5381
3629
4195
8174
7546
9551
2581
2982
639
8883
5084
1956
1310
291
8103
4048
4835
5907
6799
8891
9371
9576
6451
8875
1962
8010
1068
242
7013
2135
4196
8950
9329
6871
4531
2191
8273
8774
2465
4384
8413
8073
3193
1269
209
1767
7103
8030
4013
9323
3320
7021
960
4640
1931
7433
4594
9505
2548
1612
9618
5922
6886
511
8927
6546
8250
8270
4914
857
5313
7024
6179
1093
2733
4220
3414
8971
1731
2094
3150
6879
5011
5121
4286
2671
2202
4186
7273
4246
3134
8347
5225
7561
2093
430
7205
8301
7491
609
7688
3073
9005
2021
9625
8978
1506
5064
8743
3574
8258
6805
3082
5550
3524
3735
1974
4561
5133
5784
2028
8954
7977
8579
745
3586
4202
3405
3210
6345
9036
7083
9927
2541
5936
1907
7453
2891
1457
5441
8149
8248
6500
4442
3526
6678
7092
1241
1596
3550
5500
5215
9874
5769
7521
1307
1274
5386
8106
6218
8904
6523
4323
2424
1918
5598
1961
6020
7295
4736
7027
4671
1948
2931
9959
9888
8772
8028
3071
6391
893
9147
8698
7703
3961
5372
1435
1162
9702
3107
2592
1804
5636
5422
5888
974
8720
3779
6804
8903
9463
4629
4752
2400
269
4129
3942
5246
1025
6581
3409
843
9258
7457
4541
74
2084
3334
9788
7170
3648
9479
2598
5651
8573
3318
9289
4495
771
412
7634
8937
4842
1255
9241
6777
7137
9918
9455
6290
9461
7806
452
9050
6466
4280
7340
5333
7812
1715
4366
9649
6638
3681
7920
9141
1085
4754
5690
7415
109
6019
3184
5268
5177
8297
3954
5318
2310
7965
9061
5126
6122
5610
5967
3097
1546
3220
7203
6072
4023
1094
9538
4417
7388
3633
1551
2790
7543
8062
4290
3007
5466
5887
8870
2071
1001
2930
5997
224
4750
3281
3825
9291
5866
7959
5738
1758
698
7244
394
710
4690
2752
4970
4228
5299
8531
1083
6890
8818
1070
4946
1185
2835
9222
903
1635
165
5329
6566
7410
6
1649
7159
5025
1959
8600
456
6615
7990
6797
6083
1740
1359
9546
7723
6981
5293
171
7547
8330
8525
9111
4682
3672
5727
9014
2645
6518
7789
9238
3556
4173
6876
5770
1461
4316
4859
8749
5044
5627
6669
890
1492
9347
9533
836
1427
1597
2730
9269
3187
2609
9348
2444
8576
6320
670
2542
9408
8503
5186
5502
5654
5908
8397
1557
150
9181
2940
3855
478
5677
1327
3733
3129
6645
5917
8423
1616
1544
3157
7172
9215
2662
7923
2830
1886
5182
9177
827
3788
2555
8987
9574
8809
7195
1458
706
423
117
5759
3486
8303
7037
4579
4093
6267
9386
8718
2613
1769
7904
5204
8973
327
6691
8108
7769
2125
1805
3462
7753
1642
8769
7179
8655
8852
3987
8002
2903
1490
741
4398
2015
1654
2185
6831
3605
2666
7909
9303
4508
782
2625
2147
1743
7106
8125
41
3159
8841
4261
1940
6779
5391
5870
6224
6126
5023
2848
8745
5834
6827
4194
735
187
5400
8724
8815
2309
8920
1323
8571
8146
7366
6376
8513
2839
8523
8109
2804
8272
4735
7077
5507
5856
2813
6830
2371
1757
614
8428
4509
736
3262
9418
7663
4314
9337
1972
6075
5694
9091
1141
660
82
1516
4198
9855
4761
4546
4042
5327
310
9864
9093
8789
4162
6470
6142
3314
9270
1643
4559
2825
2351
6802
2793
6198
6400
4912
5181
5416
7312
2212
1387
7712
1290
4477
4436
2845
2897
5535
4766
4716
387
8066
944
2882
3260
4015
2181
3136
4068
583
9068
5859
229
8387
3309
3361
5691
7662
7635
2187
7258
897
1783
7596
1113
3659
9534
2427
1096
1344
5763
6810
7365
7099
3272
4451
1673
6506
7968
7840
203
6031
5843
2759
6197
2553
7954
3922
725
2969
9770
6672
3764
4489
499
7449
9006
4311
7073
3306
5483
1129
7417
8038
4534
4802
1641
9314
2207
410
8392
1646
7407
8707
8448
6105
3768
1202
2316
6265
9523
3461
3999
6697
6713
8163
2614
5701
4086
5019
9026
6985
451
6034
2446
4307
3653
9891
7102
2955
38
5824
239
7507
1164
9487
2704
5643
814
1029
1088
6598
5891
2448
4046
4549
4111
9907
6173
1061
4032
7781
128
9155
9299
6294
8001
6822
8410
5095
7401
500
4422
7017
2587
2149
211
8583
6846
2066
8111
5664
4813
3603
8077
3812
6439
1483
1747
730
7448
5261
1570
4903
3516
1234
3493
5137
9827
959
873
718
1324
8322
3616
5592
7387
4338
4284
5935
1460
561
9755
5915
681
6715
5229
6220
1334
4627
7609
5379
4796
2111
2954
7818
8319
676
6719
1780
4636
9975
3242
2263
8118
4499
5328
3986
4214
7834
9901
3368
7869
5237
8688
6993
6026
7020
9962
6452
6060
2892
2970
9881
8867
8890
1424
9306
1187
5487
6828
6745
7318
5015
25
8672
181
2195
3000
351
7097
4120
7071
2451
653
5874
7571
4825
9604
4455
3047
9230
9828
9731
7742
7392
70
3893
3369
8736
8504
3387
1383
777
6687
7728
2292
5494
9606
416
3977
3427
1951
8395
4064
2120
1192
5296
2398
6790
7440
8512
31
4806
5452
3546
3774
5171
1337
6520
9705
2082
992
1632
472
8372
8835
2615
9351
4468
7055
2787
8819
8706
9805
8148
318
9954
7972
4609
5687
3385
4972
3992
4846
5347
7919
8074
6980
9098
2657
2175
8256
9867
7177
4040
7810
9359
5741
531
1582
664
9345
9961
4587
9077
1955
2479
164
3933
1482
4805
4840
5928
832
2863
922
1975
4227
7848
1688
4616
188
7807
3850
173
2020
2672
3773
4482
869
9858
6844
4434
7675
7300
298
9688
1870
3353
1300
6080
7292
4271
3381
2355
7962
6356
5298
9582
8288
143
8690
270
3110
2683
8277
260
2689
9723
5709
6059
9275
3209
6358
4632
3854
7028
6613
5030
9994
521
6458
426
4552
6169
1577
6196
7025
8861
1002
5321
9165
2189
163
8024
2532
5679
8412
8584
5234
2654
8325
8668
8817
9506
3290
4745
9327
6415
7660
3824
3528
1823
738
6703
1121
5353
5995
2303
2233
8590
8956
9678
8205
6092
3677
6058
6648
8850
1903
9095
5336
7654
9946
6410
7845
6517
2143
2108
3888
8240
9628
5702
5751
1727
8254
3386
1857
4607
4
4654
7901
9024
818
3916
6652
2080
9039
4234
4107
9562
1494
1450
1021
548
377
7747
6175
3749
7068
5233
139
7605
6833
4733
3537
7565
6112
8829
261
7973
2618
3017
7685
5499
8110
7884
7643
2782
324
1502
9776
2483
9112
592
5198
345
1533
9320
3011
1373
4758
7875
6999
4526
6178
7553
3591
177
4788
5420
4659
6187
2384
9989
9980
8122
6100
7140
5638
6396
4991
4841
1013
6752
896
4264
1697
9643
8972
9500
1426
8634
3326
1839
867
4665
2318
210
6436
2278
9225
6109
4923
7219
8872
4520
905
7629
9610
2819
71
1101
2507
7438
6825
2909
316
9278
9532
6513
6526
9682
6362
1242
5346
2767
6646
7122
3093
9941
1243
2667
102
1609
2695
5312
9174
9493
4872
6800
9935
9509
4283
6932
9721
7168
7485
9145
839
4601
115
6936
9758
8121
2884
7843
1838
1318
2826
2088
6231
8403
2296
3907
924
1900
5242
1265
4029
9447
2374
2188
6730
3532
1810
6601
4089
6599
5364
9108
3344
7250
4877
4915
8080
5007
3998
1552
3783
6907
4905
9389
7788
6661
6115
7492
3025
1939
9346
5014
6786
48
949
1132
1588
580
6093
4277
3617
8763
3327
4466
7455
5992
6533
7443
3473
1891
7865
9585
4254
938
9494
1550
8705
2237
1403
2857
7593
883
1753
7802
5149
1368
4635
1967
5895
8464
9316
4248
3161
7086
7356
9214
5009
952
1092
8378
4404
2307
9846
9910
6824
2050
1411
3594
3163
4793
6548
5615
7495
1020
4044
6904
465
5513
9836
5371
8216
5921
3278
6408
2005
1110
5896
6457
8652
7465
1897
1369
5256
8901
7483
7548
8342
1867
8921
1595
8487
3299
6767
8132
2153
382
7900
3303
948
4401
2000
4004
492
9106
4521
1392
2890
6453
7239
3227
6605
8190
8518
6386
4864
8764
8142
380
4887
3234
6657
9670
401
6003
2227
5062
1862
2234
2138
9955
2509
612
8935
8161
9135
3474
9715
8456
8004
3239
6694
3815
2550
3619
7518
5774
3932
3435
6683
9251
8565
8351
8930
9073
2599
3791
5194
3484
3896
4969
4916
5923
3041
2008
7591
4977
9193
8468
4177
80
7782
7755
8484
9882
2257
3459
5796
3219
7125
3821
9544
3460
6883
824
6307
2641
4007
9554
8418
4210
7710
3117
1386
8671
8496
6608
461
4889
2600
3693
3033
6623
1173
2409
3449
5931
7120
4094
5058
1040
5972
9198
7372
2990
9044
7832
8848
4022
5975
5919
5231
5593
7716
3207
9203
662
6303
453
9499
6860
3288
6984
4978
6005
2772
97
6956
4321
5633
6200
6163
5635
1091
8025
2487
3070
2198
5043
1340
7576
6357
8228
5545
366
6349
8339
7464
18
8021
1965
6086
3141
4424
8997
1971
9086
5504
8733
1388
3360
9572
5323
9599
2432
3673
1710
1593
2944
4697
3489
282
2230
1098
4016
8793
272
55
2452
1423
5956
1446
2945
1587
4844
9162
1302
3988
3967
2415
9654
5093
7192
7615
4834
1702
5438
5245
3908
7731
3797
1784
1714
5429
8031
5469
2765
1998
2182
7472
8984
7506
2323
6134
9632
6490
2520
2267
4679
8797
7934
5308
479
8229
9824
9905
9966
279
7347
2849
7641
4938
5661
3371
3551
3408
756
7252
3328
1222
9877
7768
2305
2035
6955
2706
6855
3596
2003
6508
2284
3618
8680
5365
6653
230
274
5152
7075
774
5119
634
533
8070
3080
4895
9651
3348
9019
8094
9924
5478
1944
54
8768
4389
9786
671
5047
8918
4351
2862
9207
6982
5076
7627
5749
7767
57
4529
7859
1213
2408
8824
135
2831
6774
8472
3138
4720
8969
4096
4691
8796
6260
1022
9312
6150
8648
446
5080
9066
6577
2608
3508
690
5817
2644
5189
7061
7259
94
5532
8317
3841
6442
8709
3223
4753
216
1216
9495
5662
4176
1464
7196
6401
2583
8102
3869
4310
4224
4199
2758
8765
9194
3628
2369
1816
8889
1543
4507
999
5202
5560
1384
4069
7062
8408
5974
3098
5115
3754
5223
3923
3089
8443
2727
6461
2170
8153
8699
7141
9592
7525
9621
5319
3567
8822
408
6124
3467
2134
1038
3702
8243
7227
6273
7878
9274
1745
183
5222
9377
241
6602
3911
4364
667
2652
1443
2436
4185
196
8879
152
5161
963
1074
2792
3246
5938
2731
2332
2337
6021
4829
4245
7228
6992
6425
7820
7978
8304
5945
9675
5455
2010
3712
7026
9138
4487
1278
2197
3794
1674
2907
3283
546
6676
4358
3713
6632
212
9380
9318
9416
6979
2340
1942
945
765
3
2852
5528
7171
3725
2635
3520
9933
2964
4066
7284
9184
4383
5173
3909
2768
6266
4116
3079
7064
5707
3514
8813
4553
8663
796
7297
3826
2822
8669
2531
2694
4431
6671
6877
852
1532
5533
5102
2471
9575
4570
2492
4449
4414
7251
8552
4408
8588
2741
294
823
90
1328
2680
4473
3723
4336
4954
6737
8863
3388
1442
1627
1409
2965
262
5668
3571
9780
3152
5503
1941
6817
9088
2744
6941
6996
7187
932
126
3662
7651
1412
180
2878
8884
1735
4298
7291
4215
1052
5038
9520
6311
8204
61
4426
2760
669
6540
4622
1475
7560
9127
2519
9978
3211
9236
1206
7349
3711
8968
1306
5818
4976
8644
8581
8067
4865
5349
4731
9364
4820
4996
7502
4572
9536
5213
14
7289
3840
3389
1279
7007
2889
4318
6776
2104
4456
6665
8830
4278
221
5631
7051
5832
821
2824
8500
7608
5745
4550
2034
987
2535
9656
1601
1283
4983
6724
8635
7400
4630
1148
5623
8708
3188
2753
1787
2412
2527
5078
6514
9639
7666
2343
8703
6756
1547
8131
6947
7271
471
5544
5665
2178
1011
6702
8847
2158
3555
5884
4646
2764
4340
6104
4900
7469
6735
7473
5140
5343
1069
4391
1819
5942
8287
2675
8321
3886
3204
3162
7306
6572
744
4857
5737
2067
338
2131
2832
4360
251
5289
8269
8164
5752
5091
4464
3971
5601
2117
1425
4000
2921
5088
5965
1039
2939
3160
9904
7395
8039
7229
3001
1413
880
1454
5934
4565
8520
1503
8543
9665
1335
1309
1591
3090
3900
226
357
2214
7801
67
9646
4768
3004
3046
6519
124
8340
7770
3312
8802
5041
123
1777
6974
9795
3199
6441
4190
8220
5536
3377
1874
113
3668
8816
5426
2469
7702
619
4429
6223
2972
3930
1602
9638
8601
254
2072
1339
8511
7999
8343
9113
1910
3238
8236
3342
2885
7039
9822
9180
6706
7509
5878
5746
5991
1630
5757
3284
2533
9263
3294
69
8120
7988
9120
8055
9969
3487
9142
322
4950
5065
9771
5432
1308
6398
5311
7069
2726
5776
6183
5841
4038
1563
5262
9153
1149
4959
4512
3714
2276
1990
9410
9445
236
3934
5474
6247
1657
6272
8613
2554
5552
7427
7958
8171
6895
8938
6399
3663
1140
4638
3646
4488
6732
6685
9204
1047
3871
3274
813
6286
7175
1980
9434
8377
7536
2314
7656
4705
8882
636
5046
1349
7126
3804
4317
8691
3577
3910
4072
5584
6700
5128
8953
4279
704
951
9272
8362
4860
3684
942
6246
6309
4994
1380
6604
8457
9011
1964
2060
9851
4377
4642
4347
7142
5755
4480
7831
3293
9601
4441
3717
3875
8471
6740
4884
740
9860
9235
6560
9496
4822
1420
8274
9564
800
1281
3059
5951
7116
6281
368
7503
9936
3817
9597
4263
6882
4315
4253
6823
8499
573
8908
6878
5272
7004
5436
1138
5176
6316
8578
5801
5248
4160
6534
4486
6812
6849
7311
5297
6465
9151
2261
148
1118
2993
3255
391
4121
487
6636
4104
3688
2472
5663
7264
2876
8840
2511
1477
2056
4034
6427
4274
7996
8436
2221
5754
4268
7111
7147
9488
3995
3879
5747
7054
311
2312
9139
2244
2222
8981
9109
6922
6575
5129
3945
5488
4584
7913
2023
9501
2605
1084
2843
6573
8596
6420
5778
2871
1963
4077
6853
8758
904
7545
105
6538
5174
4302
201
6066
35
3966
5068
6611
8441
5594
7761
9478
2041
240
5054
1631
7805
1126
9279
8332
1640
5900
7918
5966
1169
7381
8361
2898
9216
6120
6626
6744
9157
6298
6656
7522
5515
9661
1968
1555
2365
7822
7628
6249
9375
5027
7880
4074
8632
2558
3548
342
4592
8974
6937
3061
3362
4147
2821
258
7236
9611
1111
689
1041
5944
547
303
4656
2514
6593
4678
9441
545
4784
8508
3060
6969
8356
6242
941
746
7606
1560
2040
3830
529
2272
6796
806
6950
9010
431
9926
4163
6426
1152
407
9857
6679
9114
8209
7320
7749
1992
58
9262
3282
2640
3844
965
9325
3952
5266
6203
6792
1732
1371
8820
5800
3777
5092
8373
2716
8642
3049
9519
8855
9717
1695
5802
8420
882
2938
5413
5892
7324
92
5352
6141
2655
9452
6820
8473
1724
1489
3099
2173
3478
2322
1256
9149
3499
8714
3335
4150
3356
4497
9744
8426
3539
5094
2385
2565
1906
87
5909
3620
2090
6780
9305
1954
3376
6667
2157
9082
6305
6917
3205
2963
3008
4816
5482
7986
5402
2522
6975
6531
6654
1876
9690
9756
6708
475
2373
9622
3940
4869
6102
1979
8072
8217
9161
2075
2046
3823
3295
5247
8633
1759
5294
8144
9931
9049
7910
1861
4485
996
6759
249
6692
8575
9221
8155
3898
6619
7041
846
5849
160
5055
8627
8914
1215
9429
943
4188
1498
8839
3796
5337
5096
598
9868
5131
9213
8047
1730
2274
8554
3195
9356
9202
5721
214
8329
7471
9459
1033
7378
6411
3698
9856
8804
6341
5028
8461
8999
9581
4242
1102
7148
23
3859
9778
3118
578
3241
9615
3477
2523
4378
330
4363
9773
4612
3170
2449
8299
1385
4862
6472
7221
4453
1957
5608
1736
3790
9988
1585
2190
727
1856
1221
2194
3087
4180
49
5641
4533
8433
2350
1275
5039
7248
7528
2462
1055
5417
615
9963
629
769
110
6625
4407
4794
3304
1675
1330
9816
9804
2973
8129
7247
7527
5573
709
59
6856
5885
6162
9563
2678
8393
4469
1549
1733
5904
5192
8268
5927
3740
5587
1664
4134
5970
7370
6029
1610
1662
828
6532
1933
9392
4639
2277
3751
5787
9053
3384
7131
2924
9847
2463
2242
2983
4713
4847
476
6130
7050
3307
6459
1822
5517
6297
9465
5782
5523
9411
1535
8294
1894
5857
7677
7795
3801
4037
6629
6250
753
7352
4250
6244
4998
5586
3799
5445
4599
4462
1850
4388
9823
489
8368
3035
2630
1509
6489
888
6488
3627
2820
7828
6477
4973
7350
7763
8219
2388
4942
7085
2262
8545
6770
3941
9971
9322
2421
7637
9260
6961
5086
2116
9630
1372
1195
7740
4418
3746
1624
9713
3747
267
9648
4937
2139
1613
5334
2579
9749
8257
6087
1362
5316
2236
2252
4270
6542
5220
5954
5734
8435
9854
6741
5066
2673
9015
1987
1797
692
1137
4235
2620
715
3062
3806
524
7783
4556
9647
5925
2030
9708
4882
6588
6172
1659
3375
8811
8700
4765
8609
6699
26
6681
707
5875
2036
1219
8225
5370
6045
6861
4471
5147
7798
1389
9541
8732
2747
3963
4225
8291
3576
953
4878
424
9914
9092
9264
6464
9737
6302
2879
8876
9525
5984
2649
7540
6476
5519
8626
1901
2927
166
2466
3081
6569
2209
7568
3938
6889
5169
238
3132
1165
6536
281
2180
1937
3010
780
6484
8162
6337
8251
1036
3257
1205
6986
8639
8755
328
1208
2508
990
6149
284
3240
4073
7513
9699
7045
6637
7510
1953
9636
803
7987
4819
1694
6811
3464
4337
8928
1320
4415
6185
8662
2875
624
3042
2146
8687
9952
6201
6530
9140
613
6485
2544
1849
7839
2287
83
8003
9561
1523
5440
3973
8188
6355
1611
1645
8381
79
7713
5828
6140
7935
2734
7322
9996
787
4002
3270
4740
4084
6610
1603
9512
2059
2027
7269
2456
9983
562
4596
6649
8172
9817
5108
1270
9150
8051
6079
6808
3635
2032
9695
3231
253
4222
2521
9607
3180
7144
4576
6561
259
7384
6995
3565
644
6315
4722
3975
523
8105
2588
9099
8199
6942
9939
859
2547
1508
6480
3438
9466
8730
678
3756
3119
1351
4139
6184
9405
8569
8752
1238
4949
4334
656
3866
8716
3964
3214
8267
6025
594
6450
5457
413
7342
7358
7586
6006
3426
7353
7953
8722
9658
3731
350
4256
7052
9605
651
772
5103
642
5602
6689
1119
7486
458
8925
8237
7821
1042
6803
5696
2593
1448
8704
7717
9040
8346
3579
4006
5300
940
721
2011
1887
8088
9549
9020
8540
7475
1451
7076
956
842
3705
4368
7263
5839
7173
1466
5390
6325
8532
9839
2288
6227
5548
1825
5905
7727
3124
1930
2229
2881
6340
8405
4876
1124
9195
868
4289
3174
6761
6551
5114
5258
6829
2052
6704
3763
2974
1779
9400
3872
3379
8214
1936
3120
5373
1934
8406
9619
2811
1580
6002
7065
6065
4661
2417
1655
3504
6943
2114
2838
484
9747
8902
6463
8943
9906
1007
3793
4987
5886
1060
6965
4728
8298
544
7678
1923
9167
1813
5035
3229
8780
3638
931
2685
7188
7216
8631
4658
4345
4960
6957
5458
1186
2327
2745
266
6731
6414
4026
3058
3503
3582
8692
2935
7668
1539
5357
9838
8594
7496
3269
6644
4365
5855
4359
3480
9991
5024
3043
2428
3416
8336
7152
2561
390
3126
3994
6707
2762
8375
5595
6062
825
1788
4899
8307
7467
9060
9940
4088
9573
4530
3936
4132
6251
6597
2201
5703
6068
3885
6283
2956
2718
436
3838
2376
7232
9693
5645
4045
2121
5175
7829
1667
7155
9374
176
1774
1928
2567
9537
7967
732
3359
9686
764
8779
1066
4751
1515
62
6447
8150
7014
9444
5105
2162
7285
2914
6101
2419
8315
7872
7940
8175
5848
2755
7746
4920
2750
1449
7053
1892
4055
577
4010
9232
5863
554
7434
2949
1926
6390
3074
4614
325
4558
3802
7730
1949
170
6431
3541
1885
289
8537
9951
7015
5411
1125
5876
481
1772
812
9057
2660
5360
8637
7786
9048
9384
4725
4684
1966
1291
293
8493
1382
8754
7585
3024
5554
6673
2248
437
8628
748
5448
9393
4082
1471
6688
6407
2818
2311
7811
530
3664
2883
8015
579
5380
9560
5330
2239
5807
2454
7983
2038
8864
5190
7138
4025
637
9683
3867
512
649
5451
1748
1233
6354
8026
68
6502
8279
6252
9953
1422
9037
2701
4545
9696
2823